function pubLocation = LoadPubLocations
lx=160*5;
ly=90*4;
pubLocation = [
  10+lx 44+ly; ...
  30+lx 52+ly; ...
  61 58;...
  60 47;...
  45 92;...
  62 67;... %6
  73 89;...
  69 92;...
  65 98;...
  62 109;... %10
  40 97;...
  43 106;...
  48 111
  42 101;...
  47 86;...
  58 53;...
  44 71;...
  54 116;...
  61 105;...
  ]; 